01,Aguascalientes,5616,1 312 544,234,0.798,75.8,32.6,34,10657,36500,19.5
02,Baja California,71 450,3 315 766,46,0.809,75.9,48.4,28.5,11915,42725,20.4
03,Baja California Sur,73 909,712 029,10,0.83,75.8,42.8,24.3,13021,28377,14.3
04,Campeche,57 507,899 931,16,0.77,74.7,44.9,29.2,8167,26466,20.3
07,Coahuila de Zaragoza,151 562,2 954 915,19,0.797,75.6,37.6,24.3,10674,24813,18.8
08,Colima,5627,711 235,126,0.789,75.4,43.2,25.9,10348,28376,17.7
05,Chiapas,73 311,5 217 908,71,0.7,74.2,29,25.6,4651,19409,23.1
06,Chihuahua,247 455,3 556 574,14,0.786,75.3,38.7,20.9,10388,28622,17.9
09,Ciudad de México,1495,8 918 653,5966,0.897,76.5,36.3,31,14522,69716,23
10,Durango,123 317,1 754 754,14,0.771,75,37.6,25,8231,22586,16.9
11,Guanajuato,30 608,5 853 677,191,0.757,75.1,30,39.5,8506,38067,20.5
12,Guerrero,63 596,3 533 251,56,0.708,73.2,34.7,29,5605,43051,16.9
13,Hidalgo,20 813,2 858 359,137,0.76,75,31.2,28.6,7126,25987,28.8
14,Jalisco,78 588,7 844 830,100,0.789,75.4,34.8,16.1,10851,40543,18.8
15,Estado de México,22 351,16 187 608,724,0.783,75.4,37.2,33,8818,51520,22.5
16,Michoacán,58 599,4 584 471,78,0.745,74.7,31.6,20.9,7873,22999,19.2
17,Morelos,4879,1 903 811,390,0.776,75.1,33.5,26.7,7637,45312,19.2
18,Nayarit,27 857,1 181 050,42,0.779,75.2,37,24.4,9019,23670,16.3
19,Nuevo León,64 156,5 119 504,80,0.808,75.8,41.4,20.7,12568,27805,20.8
20,Oaxaca,93 757,3 967 889,42,0.716,74,30.5,29.9,5714,26221,19
21,Puebla,34 306,6 168 883,180,0.744,74.7,32.9,28.8,6776,37647,20.4
22,Querétaro,11 699,2 038 372,174,0.788,75.5,30.6,29.5,11220,32756,20.7
23,Quintana Roo,44 705,1 501 562,34,0.784,75.4,48.9,28.6,11152,33243,14.7
24,San Luis Potosí,61 137,2 717 820,44,0.76,74.8,32.6,22.8,8563,32342,19.2
25,Sinaloa,58 200,2 966 321,52,0.804,75,39.9,18.4,10038,29507,16.4
26,Sonora,179 355,2 850 330,16,0.804,75.3,43.9,22.3,11396,50861,17.9
27,Tabasco,24 731,2 395 272,97,0.775,74.9,47.3,31.8,6981,36546,22.1
28,Tamaulipas,80 249,3 441 698,43,0.792,75.1,40.9,24.6,9578,25368,19.9
29,Tlaxcala,4016,1 272 847,318,0.77,75.1,32.3,32.4,7357,40336,21.7
30,Veracruz ,71 826,8 112 505,113,0.744,74.4,39,30,6115,25350,20.2
31,Yucatán,39 524,2 097 175,53,0.774,74.6,45.2,29,8761,26462,17.4
32,Zacatecas,75 284,1 579 209,21,0.764,74.9,33.5,28.5,6813,26670,16.4
